NZ_CP065279.1
8372 10367
11194 12562
15131 16661
44041 44561
45904 46313
94559 95424
220518 221014
233517 326547
346922 349202
469371 470402
512147 546870
567429 607535
676723 677102
786647 787004
897341 900798
940670 944612
996825 1028816
1193975 1195176
1218235 1237855
1265718 1268942
1272738 1272828
1402225 1403072
1403196 1405594
1420790 1420871
1442901 1443110
1549342 1552139
1665717 1727971
1757242 1757397
1787060 1787276
1789209 1803534
1948553 1968211
1969318 1969598
2003981 2005600
2026239 2027455
2076768 2077233
2096322 2096390
2174021 2235416
2383881 2384238
2385674 2386193
2584758 2585540
2634531 2688955
2708292 2708360
2800345 2810862
2880125 2892780
3155835 3162197
3187268 3196490
3206903 3207416
3210526 3211039
3226258 3229939
3442933 3443058
3535286 3542827
3645465 3645708
3678834 3745170
3766740 3773326
3858018 3887756
3991011 3992905
4129456 4180188
4848637 4852301
4899686 4899737
5078058 5078178
5084874 5085303
5104382 5104502
5107952 5108372
5231236 5314249
