NZ_CP065279.1
8372 10367
11194 12565
43962 44576
45904 46172
220482 221636
233556 326540
346922 349202
512138 545219
567429 607535
676723 677102
872633 872866
897341 900798
940670 944612
996802 1028813
1193975 1195176
1218214 1237855
1265718 1268942
1272738 1272828
1402269 1405277
1665717 1727971
1757273 1758034
1759093 1760018
1787060 1803534
1948691 1968206
2003981 2005600
2026429 2027397
2219508 2235416
2383881 2384238
2385659 2386273
2570730 2573928
2634531 2643300
2644480 2688955
2784059 2784286
2800345 2810862
2811442 2811820
2880125 2892780
2999423 3004513
3187271 3196490
3213983 3214165
3344349 3345223
3645465 3645708
3678834 3745170
3766740 3773326
3785889 3785942
3825601 3827781
3828461 3829504
4067108 4067842
4129439 4180171
4340346 4340982
4733247 4770839
4777565 4782785
4848637 4852301
4899686 4899737
5085183 5085303
5108252 5108372
5220438 5223139
5224067 5224219
5224522 5230014
5231236 5314256
