NZ_CP065279.1
8372 10309
11193 12565
40002 40367
44108 44471
46203 46313
56766 59019
105419 105989
133318 135894
221465 224775
233556 324114
324186 326400
335165 336435
345738 346778
346922 349202
378856 382820
398921 400355
431124 431734
431941 432186
469374 470398
481631 481921
512138 545219
551838 555807
567469 607575
609444 610588
639756 641162
761323 761423
823472 824638
837598 841850
872952 873010
887009 895625
896134 916319
920306 932095
940673 944612
996774 1028817
1169147 1170569
1170655 1171010
1193975 1195176
1211154 1211524
1218236 1237877
1241094 1241166
1265718 1268942
1308901 1309028
1402225 1403072
1403196 1405594
1429438 1430279
1665717 1679832
1679988 1681356
1681463 1682833
1683087 1690557
1691115 1698008
1709008 1709554
1714892 1719647
1721104 1723986
1724583 1724791
1725066 1727971
1749321 1754047
1757852 1760021
1789214 1800516
1800947 1802284
1834408 1835585
1879604 1879964
1948691 1968206
1983991 1984040
2006059 2006409
2026429 2027370
2152171 2158468
2199893 2200118
2385764 2386127
2415884 2437982
2478605 2478878
2512779 2513443
2532202 2535163
2563819 2573928
2584758 2585540
2634531 2688955
2770104 2777441
2780356 2782132
2784372 2784430
2788067 2788154
2796583 2811940
2880129 2892780
2925324 2926050
2929848 2930484
2999423 3006267
3147193 3162197
3162678 3162730
3187271 3196490
3227059 3228644
3342549 3345319
3428105 3429400
3532167 3537956
3538833 3540244
3582133 3583397
3644994 3645708
3668902 3670576
3678804 3745140
3766737 3773301
3807878 3809366
3852526 3852877
3858018 3887761
3904896 3904985
3943271 3943343
4013994 4018121
4043242 4044771
4129456 4180188
4211545 4211761
4298061 4298717
4340342 4340982
4375290 4394372
4419217 4419427
4509346 4510789
4702507 4705436
4705537 4708427
4733247 4770853
4777565 4782785
4792214 4794030
4848637 4852301
4876821 4882205
4898954 4899737
5078106 5078431
5084870 5085303
5104430 5108372
5131912 5133414
5174293 5175072
5210833 5211510
5220438 5223139
5224067 5224219
5224522 5228183
5230123 5314243
